[gd_scene load_steps=23 format=3 uid="uid://c06go7rvv1w7s"]

[ext_resource type="Environment" uid="uid://dciy1pk4n3ph" path="res://Levels/level3_environment.tres" id="2_8k746"]
[ext_resource type="PackedScene" uid="uid://cvgr706cfuhue" path="res://Components/UI/win_screen.tscn" id="3_0s8bb"]
[ext_resource type="ArrayMesh" uid="uid://ben3e65aku650" path="res://ContentSources/neon-city-elements/city-buildings.obj" id="4_s0s3l"]
[ext_resource type="Material" uid="uid://dv8b7352jgl4v" path="res://Materials/grid-neon.material" id="5_y8xh2"]
[ext_resource type="ArrayMesh" uid="uid://55aoh8re3lix" path="res://ContentSources/neon-city-elements/city-planks.obj" id="7_ybhew"]
[ext_resource type="Material" uid="uid://flk1q3myprtm" path="res://Materials/grid-neon-red.material" id="8_s2rrq"]
[ext_resource type="ArrayMesh" uid="uid://lxe5yrrav4gw" path="res://ContentSources/neon-city-elements/city-tee.obj" id="9_inmbp"]
[ext_resource type="Material" uid="uid://dma4nqxq2tsko" path="res://Materials/grid-neon-green.material" id="10_tw064"]
[ext_resource type="ArrayMesh" uid="uid://bg234bvoe1fb2" path="res://ContentSources/neon-city-elements/city-escher.obj" id="11_a73vr"]
[ext_resource type="Material" uid="uid://rnlwdvmocvl4" path="res://Materials/grid-neon-magenta.material" id="12_nqpce"]
[ext_resource type="ArrayMesh" uid="uid://b2jlidxwi3t03" path="res://ContentSources/neon-city-elements/city-pylons.obj" id="13_tpwdb"]
[ext_resource type="Material" uid="uid://cduc5lbphscw5" path="res://Materials/SurfaceGlitchMaterial.material" id="14_70xjd"]
[ext_resource type="ArrayMesh" uid="uid://d3eenhevr1027" path="res://ContentSources/neon-city-elements/city-maze.obj" id="15_old5i"]
[ext_resource type="Material" uid="uid://cp6y8qjeag5wn" path="res://Materials/static-blue.tres" id="16_6pw22"]
[ext_resource type="PackedScene" uid="uid://pqdm4i0c0o1l" path="res://Components/Player/Player.tscn" id="17_62n2x"]
[ext_resource type="ArrayMesh" uid="uid://lj8h8xciw7le" path="res://ContentSources/neon-city-elements/city-spiky.obj" id="17_klcwe"]
[ext_resource type="Material" uid="uid://cc8mb6m15i0tw" path="res://Materials/ScrollingLit.tres" id="18_fwcgy"]
[ext_resource type="PackedScene" uid="uid://bpt83e080v7dl" path="res://Components/EnemyDistanceSpawner.tscn" id="18_yhlj3"]
[ext_resource type="PackedScene" uid="uid://vpi1e1i8e13p" path="res://Components/EnemyMarker.tscn" id="19_chnfa"]
[ext_resource type="PackedScene" uid="uid://5uhkotpicmc1" path="res://Components/EnemyBase.tscn" id="20_mauhs"]

[sub_resource type="CameraAttributesPractical" id="CameraAttributesPractical_vh4v3"]

[sub_resource type="Curve3D" id="Curve3D_l58ma"]
_data = {
"points": PackedVector3Array(0, 0, 0, 0, 0, 0, 0, 0, 0, 0, 0, 0, 0, 0, 0, 0, 0, 22.56, 0.00807953, 0.0244517, 0.208475, -0.00807953, -0.0244517, -0.208475, 2.73743, 0.761305, 22.8348, 0, 0, 0, 0, 0, 0, 15.4349, -0.0123034, 21.8534, 0, 0, 0, 0, 0, 0, 19.1297, 0.591206, 21.4359, 0, 0, 0, 0, 0, 0, 24.4817, 2.21458, 19.4115, 0, 0, 0, 0, 0, 0, 26.1538, 2.46177, 21.4124, 0, 0, 0, 0, 0, 0, 30.0799, 1.18238, 21.5264, 0, 0, 0, 0, 0, 0, 33.0717, 1.09857, 21.4135, 0, 0, 0, 0, 0, 0, 35.8844, 0.829129, 21.5005, 0, 0, 0, 0, 0, 0, 39.8456, 3.28551, 21.7636, 0, 0, 0, 0, 0, 0, 40.753, 3.27938, 21.8877, 0, 0, 0, 0, 0, 0, 40.5558, 2.84946, 15.4128, 0, 0, 0, 0, 0, 0, 46.4673, 2.96794, 15.3912, 0, 0, 0, 0, 0, 0, 46.5549, 2.98367, 21.6466, 0, 0, 0, 0, 0, 0, 46.511, 5.75705, 28.9033, 0, 0, 0, 0, 0, 0, 46.8563, 7.10733, 31.2154, 0, 0, 0, 0, 0, 0, 46.6266, 7.05034, 33.737, 0, 0, 0, 0, 0, 0, 42.4421, 7.17165, 34.5523, 0, 0, 0, 0, 0, 0, 37.5909, 7.55223, 35.5566, 0, 0, 0, 0, 0, 0, 38.117, 7.74049, 42.0393, 0, 0, 0, 0, 0, 0, 37.983, 7.12666, 48.9576, 0, 0, 0, 0, 0, 0, 37.8829, 11.91, 52.6781, 0, 0, 0, 0, 0, 0, 38.1206, 7.20702, 56.6797, 0, 0, 0, 0, 0, 0, 38.4313, 7.19716, 59.5035, 0, 0, 0, 0, 0, 0, 37.5255, 5.29578, 63.3779, 0, 0, 0, 0, 0, 0, 33.3515, 6.10499, 63.4594, 0, 0, 0, 0, 0, 0, 24.0684, 5.47538, 64.2931, 0, 0, 0, 0, 0, 0, 22.2044, 5.21754, 62.8883, 0, 0, 0, 0, 0, 0, 21.9451, 7.68978, 59.2472, 0, 0, 0, 0, 0, 0, 13.572, 7.11702, 58.4513, 0, 0, 0, 0, 0, 0, 16.8111, 7.50821, 61.8297, 0, 0, 0, 0, 0, 0, 17.7837, 7.2061, 66.3837, 0, 0, 0, 0, 0, 0, 8.7792, 7.24496, 66.1566, 0, 0, 0, 0, 0, 0, 4.00922, 7.34012, 66.14, 0, 0, 0, 0, 0, 0, 2.91863, 5.11762, 62.5552, 0, 0, 0, 0, 0, 0, 0.340574, 5.36049, 58.0733, 0, 0, 0, 0, 0, 0, -2.9611, 5.38193, 54.3119, 0, 0, 0, 0, 0, 0, -3.46741, 5.33791, 50.8372, 0, 0, 0, 0, 0, 0, 12.3962, 5.27053, 51.2613, 0, 0, 0, 0, 0, 0, 16.3207, 7.4435, 47.2395, 0, 0, 0, 0, 0, 0, 18.6025, 7.03505, 45.9565, 0, 0, 0, 0, 0, 0, 22.0077, 6.99052, 45.8016, 0, 0, 0, 0, 0, 0, 29.0366, 6.02476, 45.0909, 0, 0, 0, 0, 0, 0, 28.5783, 6.00958, 36.6089, 0, 0, 0, 0, 0, 0, 29.9311, 6.48334, 33.0971, 0, 0, 0, 0, 0, 0, 31.1212, 8.8903, 35.3614, 0, 0, 0, 0, 0, 0, 47.8797, 23.6374, 50.2749, 0, 0, 0, 0, 0, 0, 48.2902, 32.1016, 57.2571, 0, 0, 0, 0, 0, 0, 49.4362, 38.1371, 62.2103, 0, 0, 0, 0, 0, 0, 51.7432, 42.4662, 53.3519, 0, 0, 0, 0, 0, 0, 50.0244, 42.2186, 48.0075, 0, 0, 0, 0, 0, 0, 48.9491, 43.0463, 38.8495, 0, 0, 0, 0, 0, 0, 54.7828, 42.5897, 26.02, 0, 0, 0, 0, 0, 0, 54.2082, 42.5834, 8.88554, 0, 0, 0, 0, 0, 0, 50.1041, 41.8203, -0.97316, 0, 0, 0, 0, 0, 0, 34.5474, 42.8696, -0.594518, 0, 0, 0, 0, 0, 0, 33.7399, 41.7306, 2.00693),
"tilts": PackedFloat32Array(0, 0, 0, 0, 0, 0, 0, 0, 0, 0, 0, 0, 0, 0, 0, 0, 0, 0, 0, 0, 0, 0, 0, 0, 0, 0, 0, 0, 0, 0, 0, 0, 0, 0, 0, 0, 0, 0, 0, 0, 0, 0, 0, 0, 0, 0, 0, 0, 0, 0, 0, 0, 0, 0, 0, 0, 0, 0)
}
point_count = 58

[node name="Level3" type="Node3D"]

[node name="WinScreen" parent="." instance=ExtResource("3_0s8bb")]

[node name="WorldEnvironment" type="WorldEnvironment" parent="."]
environment = ExtResource("2_8k746")
camera_attributes = SubResource("CameraAttributesPractical_vh4v3")

[node name="Cyber City" type="Node3D" parent="."]

[node name="City-buildings" type="MeshInstance3D" parent="Cyber City"]
transform = Transform3D(0.25, 0, 0, 0, 0.25, 0, 0, 0, 0.25, -20.5592, 0.246645, 50.4793)
cast_shadow = 0
gi_mode = 0
mesh = ExtResource("4_s0s3l")
skeleton = NodePath("../..")
surface_material_override/0 = ExtResource("5_y8xh2")

[node name="City-buildings2" type="MeshInstance3D" parent="Cyber City"]
transform = Transform3D(0.25, 0, 0, 0, 0.25, 0, 0, 0, 0.25, 38.4461, 0.246645, 37.1144)
cast_shadow = 0
gi_mode = 0
mesh = ExtResource("4_s0s3l")
skeleton = NodePath("../..")
surface_material_override/0 = ExtResource("5_y8xh2")

[node name="City-buildings3" type="MeshInstance3D" parent="Cyber City"]
transform = Transform3D(0.25, 0, 0, 0, 0.25, 0, 0, 0, 0.25, 42.6433, 0.246645, 98.2911)
cast_shadow = 0
gi_mode = 0
mesh = ExtResource("4_s0s3l")
skeleton = NodePath("../..")
surface_material_override/0 = ExtResource("5_y8xh2")

[node name="City-buildings4" type="MeshInstance3D" parent="Cyber City"]
transform = Transform3D(0.25, 0, 0, 0, 0.25, 0, 0, 0, 0.25, -4.85827, 0.246645, 98.2911)
cast_shadow = 0
gi_mode = 0
mesh = ExtResource("4_s0s3l")
skeleton = NodePath("../..")
surface_material_override/0 = ExtResource("5_y8xh2")

[node name="City-buildings9" type="MeshInstance3D" parent="Cyber City"]
transform = Transform3D(-0.25, 2.18557e-08, 0, -2.18557e-08, -0.25, 0, 0, 0, 0.25, -15.9127, 7.66171, 98.2911)
cast_shadow = 0
gi_mode = 0
mesh = ExtResource("4_s0s3l")
skeleton = NodePath("../..")
surface_material_override/0 = ExtResource("5_y8xh2")

[node name="City-buildings11" type="MeshInstance3D" parent="Cyber City"]
transform = Transform3D(-0.25, 2.18557e-08, 0, -2.18557e-08, -0.25, 0, 0, 0, 0.25, -21.335, 7.66171, 28.0531)
cast_shadow = 0
gi_mode = 0
mesh = ExtResource("4_s0s3l")
skeleton = NodePath("../..")
surface_material_override/0 = ExtResource("5_y8xh2")

[node name="City-buildings13" type="MeshInstance3D" parent="Cyber City"]
transform = Transform3D(-0.25, 2.18557e-08, 0, -2.18557e-08, -0.25, 0, 0, 0, 0.25, 52.9155, 7.66171, -19.5245)
cast_shadow = 0
gi_mode = 0
mesh = ExtResource("4_s0s3l")
skeleton = NodePath("../..")
surface_material_override/0 = ExtResource("5_y8xh2")

[node name="City-buildings14" type="MeshInstance3D" parent="Cyber City"]
transform = Transform3D(-1, -3.7749e-08, 1.65006e-15, 0, -1.09278e-08, -0.25, 1.50996e-07, -0.25, 1.09278e-08, 138.499, -6.04508, 69.3772)
cast_shadow = 0
gi_mode = 0
mesh = ExtResource("4_s0s3l")
skeleton = NodePath("../..")
surface_material_override/0 = ExtResource("5_y8xh2")

[node name="City-buildings15" type="MeshInstance3D" parent="Cyber City"]
transform = Transform3D(1, 0, 0, 0, -1.09278e-08, -0.25, 0, 0.25, -1.09278e-08, -133.544, -20.2623, -4.16365)
cast_shadow = 0
gi_mode = 0
mesh = ExtResource("4_s0s3l")
skeleton = NodePath("../..")
surface_material_override/0 = ExtResource("5_y8xh2")

[node name="City-buildings16" type="MeshInstance3D" parent="Cyber City"]
transform = Transform3D(-4.37114e-08, 0.25, -1.09278e-08, 0, -1.09278e-08, -0.25, -1, -1.09278e-08, 4.77671e-16, 3.13749, -20.2623, 83.3674)
cast_shadow = 0
gi_mode = 0
mesh = ExtResource("4_s0s3l")
skeleton = NodePath("../..")
surface_material_override/0 = ExtResource("5_y8xh2")

[node name="City-buildings17" type="MeshInstance3D" parent="Cyber City"]
transform = Transform3D(-4.37114e-08, -0.25, 1.09278e-08, 0, -1.09278e-08, -0.25, 1, -1.09278e-08, 4.77671e-16, 65.9054, -20.2623, -177.958)
cast_shadow = 0
gi_mode = 0
mesh = ExtResource("4_s0s3l")
skeleton = NodePath("../..")
surface_material_override/0 = ExtResource("5_y8xh2")

[node name="City-buildings5" type="MeshInstance3D" parent="Cyber City"]
transform = Transform3D(0.25, 0, 0, 0, 0.25, 0, 0, 0, 0.25, -57.155, 0.246645, 98.2911)
cast_shadow = 0
gi_mode = 0
mesh = ExtResource("4_s0s3l")
skeleton = NodePath("../..")
surface_material_override/0 = ExtResource("5_y8xh2")

[node name="City-buildings6" type="MeshInstance3D" parent="Cyber City"]
transform = Transform3D(0.25, 0, 0, 0, 0.25, 0, 0, 0, 0.25, -61.1071, 0.246645, 64.4815)
cast_shadow = 0
gi_mode = 0
mesh = ExtResource("4_s0s3l")
skeleton = NodePath("../..")
surface_material_override/0 = ExtResource("5_y8xh2")

[node name="City-buildings7" type="MeshInstance3D" parent="Cyber City"]
transform = Transform3D(0.25, 0, 0, 0, 0.25, 0, 0, 0, 0.25, -57.155, 0.246645, 0.865234)
cast_shadow = 0
gi_mode = 0
mesh = ExtResource("4_s0s3l")
skeleton = NodePath("../..")
surface_material_override/0 = ExtResource("5_y8xh2")

[node name="City-buildings8" type="MeshInstance3D" parent="Cyber City"]
transform = Transform3D(0.25, 0, 0, 0, 0.25, 0, 0, 0, 0.25, 4.23271, 0.246645, -8.77876)
cast_shadow = 0
gi_mode = 0
mesh = ExtResource("4_s0s3l")
skeleton = NodePath("../..")
surface_material_override/0 = ExtResource("5_y8xh2")

[node name="City-planks" type="MeshInstance3D" parent="Cyber City"]
transform = Transform3D(0.05, 0, 0, 0, -2.18557e-09, -0.05, 0, 0.05, -2.18557e-09, 6, 0, -3)
mesh = ExtResource("7_ybhew")
skeleton = NodePath("../..")
surface_material_override/0 = ExtResource("8_s2rrq")

[node name="City-planks3" type="MeshInstance3D" parent="Cyber City"]
transform = Transform3D(-2.18557e-09, -0.05, 2.18557e-09, 0, -2.18557e-09, -0.05, 0.05, -2.18557e-09, 9.55343e-17, 65, 7, 18)
mesh = ExtResource("7_ybhew")
skeleton = NodePath("../..")
surface_material_override/0 = ExtResource("8_s2rrq")

[node name="City-planks4" type="MeshInstance3D" parent="Cyber City"]
transform = Transform3D(-2.18557e-09, -0.05, 2.18557e-09, 0, -2.18557e-09, -0.05, 0.05, -2.18557e-09, 9.55343e-17, 65, 7, 5)
mesh = ExtResource("7_ybhew")
skeleton = NodePath("../..")
surface_material_override/0 = ExtResource("8_s2rrq")

[node name="City-planks5" type="MeshInstance3D" parent="Cyber City"]
transform = Transform3D(-2.18557e-09, -0.05, 2.18557e-09, 0, -2.18557e-09, -0.05, 0.05, -2.18557e-09, 9.55343e-17, 65, 7, -8)
mesh = ExtResource("7_ybhew")
skeleton = NodePath("../..")
surface_material_override/0 = ExtResource("8_s2rrq")

[node name="City-tee" type="MeshInstance3D" parent="Cyber City"]
transform = Transform3D(0.1, 0, 0, 0, 0.1, 0, 0, 0, 0.1, 10, -1, 28)
mesh = ExtResource("9_inmbp")
skeleton = NodePath("../..")
surface_material_override/0 = ExtResource("10_tw064")

[node name="City-tee2" type="MeshInstance3D" parent="Cyber City"]
transform = Transform3D(0.1, 0, 0, 0, 0.1, 0, 0, 0, 0.1, 2, -1, 42)
mesh = ExtResource("9_inmbp")
skeleton = NodePath("../..")
surface_material_override/0 = ExtResource("10_tw064")

[node name="City-escher" type="MeshInstance3D" parent="Cyber City"]
transform = Transform3D(0.5, 0, 0, 0, 0.5, 0, 0, 0, 0.5, -9.09697, -7.544, 69.8525)
mesh = ExtResource("11_a73vr")
skeleton = NodePath("../..")
surface_material_override/0 = ExtResource("12_nqpce")

[node name="City-escher2" type="MeshInstance3D" parent="Cyber City"]
transform = Transform3D(-2.18557e-08, 0, 0.5, 0, 0.5, 0, -0.5, 0, -2.18557e-08, 72.1009, -7.544, 71.7675)
mesh = ExtResource("11_a73vr")
skeleton = NodePath("../..")
surface_material_override/0 = ExtResource("12_nqpce")

[node name="City-pylons" type="MeshInstance3D" parent="Cyber City"]
transform = Transform3D(0.1, 0, 0, 0, -4.37114e-09, -0.1, 0, 0.1, -4.37114e-09, 15.4957, -1.59596, -3.66118)
mesh = ExtResource("13_tpwdb")
skeleton = NodePath("../..")
surface_material_override/0 = ExtResource("12_nqpce")

[node name="City-pylons2" type="MeshInstance3D" parent="Cyber City"]
transform = Transform3D(0.1, 0, 0, 0, -4.37114e-09, -0.1, 0, 0.1, -4.37114e-09, 51.7661, -1.59596, -3.92186)
mesh = ExtResource("13_tpwdb")
skeleton = NodePath("../..")
surface_material_override/0 = ExtResource("14_70xjd")

[node name="City-pylons6" type="MeshInstance3D" parent="Cyber City"]
transform = Transform3D(0.1, 0, 0, 0, -4.37114e-09, -0.1, 0, 0.1, -4.37114e-09, 39.3244, 16.7799, -3.00511)
mesh = ExtResource("13_tpwdb")
skeleton = NodePath("../..")
surface_material_override/0 = ExtResource("14_70xjd")

[node name="City-pylons3" type="MeshInstance3D" parent="Cyber City"]
transform = Transform3D(-0.1, -8.74228e-09, 3.82137e-16, 0, -4.37114e-09, -0.1, 8.74228e-09, -0.1, 4.37114e-09, 51.7661, -1.59596, 68.8789)
mesh = ExtResource("13_tpwdb")
skeleton = NodePath("../..")
surface_material_override/0 = ExtResource("14_70xjd")

[node name="City-pylons4" type="MeshInstance3D" parent="Cyber City"]
transform = Transform3D(-0.1, -8.74228e-09, 3.82137e-16, 0, -4.37114e-09, -0.1, 8.74228e-09, -0.1, 4.37114e-09, 26.7661, -1.59596, 68.8789)
mesh = ExtResource("13_tpwdb")
skeleton = NodePath("../..")
surface_material_override/0 = ExtResource("14_70xjd")

[node name="City-pylons5" type="MeshInstance3D" parent="Cyber City"]
transform = Transform3D(-0.1, -8.74228e-09, 3.82137e-16, 0, -4.37114e-09, -0.1, 8.74228e-09, -0.1, 4.37114e-09, 68.4878, 17.6153, 67.9936)
mesh = ExtResource("13_tpwdb")
skeleton = NodePath("../..")
surface_material_override/0 = ExtResource("14_70xjd")

[node name="City-maze" type="MeshInstance3D" parent="Cyber City"]
transform = Transform3D(0.1, 0, 0, 0, -4.37114e-09, -0.1, 0, 0.1, -4.37114e-09, 23.73, 2.89081, 66.7325)
mesh = ExtResource("15_old5i")
skeleton = NodePath("../..")
surface_material_override/0 = ExtResource("16_6pw22")

[node name="City-maze2" type="MeshInstance3D" parent="Cyber City"]
transform = Transform3D(0.1, 0, 0, 0, -4.37114e-09, -0.1, 0, 0.1, -4.37114e-09, -2.20801, 22.8445, 66.7325)
mesh = ExtResource("15_old5i")
skeleton = NodePath("../..")
surface_material_override/0 = ExtResource("16_6pw22")

[node name="City-maze3" type="MeshInstance3D" parent="Cyber City"]
transform = Transform3D(0.1, 0, 0, 0, -4.37114e-09, -0.1, 0, 0.1, -4.37114e-09, 34.8689, 6.58343, -4.03979)
mesh = ExtResource("15_old5i")
skeleton = NodePath("../..")
surface_material_override/0 = ExtResource("16_6pw22")

[node name="City-maze4" type="MeshInstance3D" parent="Cyber City"]
transform = Transform3D(0.1, 0, 0, 0, -4.37114e-09, -0.1, 0, 0.1, -4.37114e-09, 7.34188, -1.43911, -4.03979)
mesh = ExtResource("15_old5i")
skeleton = NodePath("../..")
surface_material_override/0 = ExtResource("16_6pw22")

[node name="City-maze5" type="MeshInstance3D" parent="Cyber City"]
transform = Transform3D(-4.37114e-09, 0.1, -4.37114e-09, 0, -4.37114e-09, -0.1, -0.1, -4.37114e-09, 1.91069e-16, 63.3088, 0.797295, 45.1683)
mesh = ExtResource("15_old5i")
skeleton = NodePath("../..")
surface_material_override/0 = ExtResource("16_6pw22")

[node name="City-maze6" type="MeshInstance3D" parent="Cyber City"]
transform = Transform3D(-4.37114e-09, 0.1, -4.37114e-09, 0, -4.37114e-09, -0.1, -0.1, -4.37114e-09, 1.91069e-16, 63.3088, 6.27195, 20.9006)
mesh = ExtResource("15_old5i")
skeleton = NodePath("../..")
surface_material_override/0 = ExtResource("16_6pw22")

[node name="City-maze7" type="MeshInstance3D" parent="Cyber City"]
transform = Transform3D(-4.37114e-09, 0.1, -4.37114e-09, 0, -4.37114e-09, -0.1, -0.1, -4.37114e-09, 1.91069e-16, 63.3088, 21.5476, 61.9505)
mesh = ExtResource("15_old5i")
skeleton = NodePath("../..")
surface_material_override/0 = ExtResource("16_6pw22")

[node name="City-maze8" type="MeshInstance3D" parent="Cyber City"]
transform = Transform3D(-4.37114e-09, 0.1, -4.37114e-09, 0, -4.37114e-09, -0.1, -0.1, -4.37114e-09, 1.91069e-16, 3.40594, 21.5476, 61.9505)
mesh = ExtResource("15_old5i")
skeleton = NodePath("../..")
surface_material_override/0 = ExtResource("16_6pw22")

[node name="City-maze9" type="MeshInstance3D" parent="Cyber City"]
transform = Transform3D(-4.37114e-09, 0.1, -4.37114e-09, 0, -4.37114e-09, -0.1, -0.1, -4.37114e-09, 1.91069e-16, 3.40594, 1.14364, 27.3286)
mesh = ExtResource("15_old5i")
skeleton = NodePath("../..")
surface_material_override/0 = ExtResource("16_6pw22")

[node name="City-maze10" type="MeshInstance3D" parent="Cyber City"]
transform = Transform3D(-4.37114e-09, 0.1, -4.37114e-09, 0, -4.37114e-09, -0.1, -0.1, -4.37114e-09, 1.91069e-16, 3.40594, 2.64067, 58.5746)
mesh = ExtResource("15_old5i")
skeleton = NodePath("../..")
surface_material_override/0 = ExtResource("16_6pw22")

[node name="City-maze11" type="MeshInstance3D" parent="Cyber City"]
transform = Transform3D(-4.37114e-09, 0.1, -4.37114e-09, 0, -4.37114e-09, -0.1, -0.1, -4.37114e-09, 1.91069e-16, 3.40594, 17.5014, 28.1129)
mesh = ExtResource("15_old5i")
skeleton = NodePath("../..")
surface_material_override/0 = ExtResource("16_6pw22")

[node name="static-purple-transparent" type="MeshInstance3D" parent="Cyber City"]
transform = Transform3D(0.25, 0, 0, 0, -1.09278e-09, -0.025, 0, 0.025, -1.09278e-09, 3.84567, 4.53076, 13.7881)
mesh = ExtResource("17_klcwe")
skeleton = NodePath("../..")
surface_material_override/0 = ExtResource("18_fwcgy")

[node name="static-purple-transparent2" type="MeshInstance3D" parent="Cyber City"]
transform = Transform3D(0.25, 0, 0, 0, -1.09278e-09, -0.025, 0, 0.025, -1.09278e-09, 3.84567, 13.0457, 21.2181)
mesh = ExtResource("17_klcwe")
skeleton = NodePath("../..")
surface_material_override/0 = ExtResource("18_fwcgy")

[node name="static-purple-transparent3" type="MeshInstance3D" parent="Cyber City"]
transform = Transform3D(0.25, 0, 0, 0, -1.09278e-09, -0.025, 0, 0.025, -1.09278e-09, 3.84567, 1.46073, 31.035)
mesh = ExtResource("17_klcwe")
skeleton = NodePath("../..")
surface_material_override/0 = ExtResource("18_fwcgy")

[node name="static-purple-transparent4" type="MeshInstance3D" parent="Cyber City"]
transform = Transform3D(0.25, 0, 0, 0, 0.025, 0, 0, 0, 0.025, -2.7238, 26.8425, 51.0878)
mesh = ExtResource("17_klcwe")
skeleton = NodePath("../..")
surface_material_override/0 = ExtResource("18_fwcgy")

[node name="static-purple-transparent7" type="MeshInstance3D" parent="Cyber City"]
transform = Transform3D(0.25, 0, 0, 0, 0.025, 0, 0, 0, 0.025, -2.7238, 9.21334, 10.761)
mesh = ExtResource("17_klcwe")
skeleton = NodePath("../..")
surface_material_override/0 = ExtResource("18_fwcgy")

[node name="static-purple-transparent5" type="MeshInstance3D" parent="Cyber City"]
transform = Transform3D(0.25, 0, 0, 0, -1.09278e-09, -0.025, 0, 0.025, -1.09278e-09, -2.7238, 26.8425, 33.6879)
mesh = ExtResource("17_klcwe")
skeleton = NodePath("../..")
surface_material_override/0 = ExtResource("18_fwcgy")

[node name="static-purple-transparent8" type="MeshInstance3D" parent="Cyber City"]
transform = Transform3D(0.25, 0, 0, 0, -1.09278e-09, -0.025, 0, 0.025, -1.09278e-09, -2.7238, 5.87247, 52.4346)
mesh = ExtResource("17_klcwe")
skeleton = NodePath("../..")
surface_material_override/0 = ExtResource("18_fwcgy")

[node name="static-purple-transparent6" type="MeshInstance3D" parent="Cyber City"]
transform = Transform3D(0.25, 0, 0, 0, -1.09278e-09, -0.025, 0, 0.025, -1.09278e-09, -2.7238, 11.3509, 4.7212)
mesh = ExtResource("17_klcwe")
skeleton = NodePath("../..")
surface_material_override/0 = ExtResource("18_fwcgy")

[node name="Path3D" type="Path3D" parent="."]
transform = Transform3D(1, 0, 0, 0, 1, 0, 0, 0, 1, 10.6509, 1.38982, -0.169014)
curve = SubResource("Curve3D_l58ma")

[node name="Player" parent="Path3D" instance=ExtResource("17_62n2x")]
transform = Transform3D(-1, 0, -8.74228e-08, 0, 1, 0, 8.74228e-08, 0, -1, 0, 0, 0)

[node name="EnemyDistanceSpawner" parent="." node_paths=PackedStringArray("player_path") instance=ExtResource("18_yhlj3")]
player_path = NodePath("../Path3D/Player")

[node name="EnemyMarker" parent="EnemyDistanceSpawner/Enemies" index="0" node_paths=PackedStringArray("path") instance=ExtResource("19_chnfa")]
transform = Transform3D(0.964649, 0, 0.263536, 0, 1, 0, -0.263536, 0, 0.964649, 14.904, 1.75791, 15.973)
path = NodePath("../../../Path3D")
path_position = 3.3

[node name="EnemyBase" parent="EnemyDistanceSpawner/Enemies/EnemyMarker" instance=ExtResource("20_mauhs")]
transform = Transform3D(0.994854, 0, 0.101322, 0, 1, 0, -0.101322, 0, 0.994854, 0, 0, 0)

[node name="EnemyMarker2" parent="EnemyDistanceSpawner/Enemies" index="1" node_paths=PackedStringArray("path") instance=ExtResource("19_chnfa")]
transform = Transform3D(0.852211, 0, -0.523198, 0, 1, 0, 0.523198, 0, 0.852211, 6.39876, 2.45575, 17.2082)
path = NodePath("../../../Path3D")
path_position = 3.3

[node name="EnemyBase" parent="EnemyDistanceSpawner/Enemies/EnemyMarker2" instance=ExtResource("20_mauhs")]
transform = Transform3D(0.956448, 0, 0.291904, 0, 1, 0, -0.291904, 0, 0.956448, 0, 0, 0)

[node name="EnemyMarker3" parent="EnemyDistanceSpawner/Enemies" index="2" node_paths=PackedStringArray("path") instance=ExtResource("19_chnfa")]
transform = Transform3D(0.982606, 0, -0.185701, 0, 1, 0, 0.185701, 0, 0.982606, 9.18263, 1.48056, 17.2082)
path = NodePath("../../../Path3D")
path_position = 3.3

[node name="EnemyBase" parent="EnemyDistanceSpawner/Enemies/EnemyMarker3" instance=ExtResource("20_mauhs")]
transform = Transform3D(0.991946, 0, 0.126661, 0, 1, 0, -0.126661, 0, 0.991946, 0, 0, 0)

[node name="EnemyMarker3" parent="EnemyDistanceSpawner/Enemies/EnemyMarker3" node_paths=PackedStringArray("path") instance=ExtResource("19_chnfa")]
transform = Transform3D(0.982606, 0, -0.185701, 0, 1, 0, 0.185701, 0, 0.982606, 15.0967, 0.165229, 1.43853)
path = NodePath("../../../../Path3D")
path_position = 3.3

[node name="EnemyBase" parent="EnemyDistanceSpawner/Enemies/EnemyMarker3/EnemyMarker3" instance=ExtResource("20_mauhs")]
transform = Transform3D(0.991946, 0, 0.126661, 0, 1, 0, -0.126661, 0, 0.991946, 0, 0, 0)

[node name="EnemyMarker3" parent="EnemyDistanceSpawner/Enemies/EnemyMarker3/EnemyMarker3" node_paths=PackedStringArray("path") instance=ExtResource("19_chnfa")]
transform = Transform3D(0.982606, 0, -0.185701, 0, 1, 0, 0.185701, 0, 0.982606, 4.5385, 0.508292, -4.66595)
path = NodePath("../../../../../Path3D")
path_position = 3.3

[node name="EnemyBase" parent="EnemyDistanceSpawner/Enemies/EnemyMarker3/EnemyMarker3/EnemyMarker3" instance=ExtResource("20_mauhs")]
transform = Transform3D(0.991946, 0, 0.126661, 0, 1, 0, -0.126661, 0, 0.991946, 0, 0, 0)

[node name="EnemyMarker3" parent="EnemyDistanceSpawner/Enemies/EnemyMarker3/EnemyMarker3/EnemyMarker3" node_paths=PackedStringArray("path") instance=ExtResource("19_chnfa")]
transform = Transform3D(0.982606, 0, -0.185701, 0, 1, 0, 0.185701, 0, 0.982606, 5.65356, 1.08375, -2.88884)
path = NodePath("../../../../../../Path3D")
path_position = 3.3

[node name="EnemyBase" parent="EnemyDistanceSpawner/Enemies/EnemyMarker3/EnemyMarker3/EnemyMarker3/EnemyMarker3" instance=ExtResource("20_mauhs")]
transform = Transform3D(0.991946, 0, 0.126661, 0, 1, 0, -0.126661, 0, 0.991946, 0, 0, 0)

[node name="EnemyMarker3" parent="EnemyDistanceSpawner/Enemies/EnemyMarker3/EnemyMarker3/EnemyMarker3/EnemyMarker3" node_paths=PackedStringArray("path") instance=ExtResource("19_chnfa")]
transform = Transform3D(0.982606, 0, -0.185701, 0, 1, 0, 0.185701, 0, 0.982606, 8.57216, -0.888799, -9.84441)
path = NodePath("../../../../../../../Path3D")
path_position = 3.3

[node name="EnemyBase" parent="EnemyDistanceSpawner/Enemies/EnemyMarker3/EnemyMarker3/EnemyMarker3/EnemyMarker3/EnemyMarker3" instance=ExtResource("20_mauhs")]
transform = Transform3D(0.991946, 0, 0.126661, 0, 1, 0, -0.126661, 0, 0.991946, 0, 0, 0)

[node name="EnemyMarker3" parent="EnemyDistanceSpawner/Enemies/EnemyMarker3/EnemyMarker3/EnemyMarker3/EnemyMarker3/EnemyMarker3" node_paths=PackedStringArray("path") instance=ExtResource("19_chnfa")]
transform = Transform3D(0.982606, 0, -0.185701, 0, 1, 0, 0.185701, 0, 0.982606, -2.99197, -0.0569773, -0.994774)
path = NodePath("../../../../../../../../Path3D")
path_position = 3.3

[node name="EnemyBase" parent="EnemyDistanceSpawner/Enemies/EnemyMarker3/EnemyMarker3/EnemyMarker3/EnemyMarker3/EnemyMarker3/EnemyMarker3" instance=ExtResource("20_mauhs")]
transform = Transform3D(0.991946, 0, 0.126661, 0, 1, 0, -0.126661, 0, 0.991946, 0, 0, 0)

[node name="EnemyMarker3" parent="EnemyDistanceSpawner/Enemies/EnemyMarker3/EnemyMarker3/EnemyMarker3/EnemyMarker3/EnemyMarker3/EnemyMarker3" node_paths=PackedStringArray("path") instance=ExtResource("19_chnfa")]
transform = Transform3D(0.982606, 0, -0.185701, 0, 1, 0, 0.185701, 0, 0.982606, -1.538, -0.0569773, -4.00405)
path = NodePath("../../../../../../../../../Path3D")
path_position = 3.3

[node name="EnemyBase" parent="EnemyDistanceSpawner/Enemies/EnemyMarker3/EnemyMarker3/EnemyMarker3/EnemyMarker3/EnemyMarker3/EnemyMarker3/EnemyMarker3" instance=ExtResource("20_mauhs")]
transform = Transform3D(0.991946, 0, 0.126661, 0, 1, 0, -0.126661, 0, 0.991946, 0, 0, 0)

[node name="EnemyMarker3" parent="EnemyDistanceSpawner/Enemies/EnemyMarker3/EnemyMarker3/EnemyMarker3/EnemyMarker3/EnemyMarker3/EnemyMarker3/EnemyMarker3" node_paths=PackedStringArray("path") instance=ExtResource("19_chnfa")]
transform = Transform3D(0.982606, 0, -0.185701, 0, 1, 0, 0.185701, 0, 0.982606, 9.61905, 2.20153, -0.996593)
path = NodePath("../../../../../../../../../../Path3D")
path_position = 3.3

[node name="EnemyBase" parent="EnemyDistanceSpawner/Enemies/EnemyMarker3/EnemyMarker3/EnemyMarker3/EnemyMarker3/EnemyMarker3/EnemyMarker3/EnemyMarker3/EnemyMarker3" instance=ExtResource("20_mauhs")]
transform = Transform3D(0.991946, 0, 0.126661, 0, 1, 0, -0.126661, 0, 0.991946, 0, 0, 0)

[node name="EnemyMarker3" parent="EnemyDistanceSpawner/Enemies/EnemyMarker3/EnemyMarker3/EnemyMarker3/EnemyMarker3/EnemyMarker3/EnemyMarker3/EnemyMarker3/EnemyMarker3" node_paths=PackedStringArray("path") instance=ExtResource("19_chnfa")]
transform = Transform3D(0.982606, 0, -0.185701, 0, 1, 0, 0.185701, 0, 0.982606, 9.93362, 2.20153, -5.09985)
path = NodePath("../../../../../../../../../../../Path3D")
path_position = 3.3

[node name="EnemyBase" parent="EnemyDistanceSpawner/Enemies/EnemyMarker3/EnemyMarker3/EnemyMarker3/EnemyMarker3/EnemyMarker3/EnemyMarker3/EnemyMarker3/EnemyMarker3/EnemyMarker3" instance=ExtResource("20_mauhs")]
transform = Transform3D(0.991946, 0, 0.126661, 0, 1, 0, -0.126661, 0, 0.991946, 0, 0, 0)

[node name="EnemyMarker3" parent="EnemyDistanceSpawner/Enemies/EnemyMarker3/EnemyMarker3/EnemyMarker3/EnemyMarker3/EnemyMarker3/EnemyMarker3/EnemyMarker3/EnemyMarker3/EnemyMarker3" node_paths=PackedStringArray("path") instance=ExtResource("19_chnfa")]
transform = Transform3D(0.982607, 0, -0.185701, 0, 1, 0, 0.185701, 0, 0.982607, 2.11066, 1.68542, 3.8853)
path = NodePath("../../../../../../../../../../../../Path3D")
path_position = 3.3

[node name="EnemyBase" parent="EnemyDistanceSpawner/Enemies/EnemyMarker3/EnemyMarker3/EnemyMarker3/EnemyMarker3/EnemyMarker3/EnemyMarker3/EnemyMarker3/EnemyMarker3/EnemyMarker3/EnemyMarker3" instance=ExtResource("20_mauhs")]
transform = Transform3D(0.991946, 0, 0.126661, 0, 1, 0, -0.126661, 0, 0.991946, 0, 0, 0)

[node name="EnemyMarker3" parent="EnemyDistanceSpawner/Enemies/EnemyMarker3/EnemyMarker3/EnemyMarker3/EnemyMarker3/EnemyMarker3/EnemyMarker3/EnemyMarker3/EnemyMarker3/EnemyMarker3/EnemyMarker3" node_paths=PackedStringArray("path") instance=ExtResource("19_chnfa")]
transform = Transform3D(0.982607, 0, -0.185701, 0, 1, 0, 0.185701, 0, 0.982607, 18.6781, -0.660713, -0.818024)
path = NodePath("../../../../../../../../../../../../../Path3D")
path_position = 3.3

[node name="EnemyBase" parent="EnemyDistanceSpawner/Enemies/EnemyMarker3/EnemyMarker3/EnemyMarker3/EnemyMarker3/EnemyMarker3/EnemyMarker3/EnemyMarker3/EnemyMarker3/EnemyMarker3/EnemyMarker3/EnemyMarker3" instance=ExtResource("20_mauhs")]
transform = Transform3D(0.991946, 0, 0.126661, 0, 1, 0, -0.126661, 0, 0.991946, 0, 0, 0)

[node name="EnemyMarker3" parent="EnemyDistanceSpawner/Enemies/EnemyMarker3/EnemyMarker3/EnemyMarker3/EnemyMarker3/EnemyMarker3/EnemyMarker3/EnemyMarker3/EnemyMarker3/EnemyMarker3/EnemyMarker3/EnemyMarker3" node_paths=PackedStringArray("path") instance=ExtResource("19_chnfa")]
transform = Transform3D(0.982607, 0, -0.185701, 0, 1, 0, 0.185701, 0, 0.982607, 2.62029, -0.660713, 3.6137)
path = NodePath("../../../../../../../../../../../../../../Path3D")
path_position = 3.3

[node name="EnemyBase" parent="EnemyDistanceSpawner/Enemies/EnemyMarker3/EnemyMarker3/EnemyMarker3/EnemyMarker3/EnemyMarker3/EnemyMarker3/EnemyMarker3/EnemyMarker3/EnemyMarker3/EnemyMarker3/EnemyMarker3/EnemyMarker3" instance=ExtResource("20_mauhs")]
transform = Transform3D(0.991946, 0, 0.126661, 0, 1, 0, -0.126661, 0, 0.991946, 0, 0, 0)

[node name="EnemyMarker3" parent="EnemyDistanceSpawner/Enemies/EnemyMarker3/EnemyMarker3/EnemyMarker3/EnemyMarker3/EnemyMarker3/EnemyMarker3/EnemyMarker3/EnemyMarker3/EnemyMarker3/EnemyMarker3/EnemyMarker3/EnemyMarker3" node_paths=PackedStringArray("path") instance=ExtResource("19_chnfa")]
transform = Transform3D(0.982607, 0, -0.185701, 0, 1, 0, 0.185701, 0, 0.982607, 14.137, -0.397358, -5.52222)
path = NodePath("../../../../../../../../../../../../../../../Path3D")
path_position = 3.3

[node name="EnemyBase" parent="EnemyDistanceSpawner/Enemies/EnemyMarker3/EnemyMarker3/EnemyMarker3/EnemyMarker3/EnemyMarker3/EnemyMarker3/EnemyMarker3/EnemyMarker3/EnemyMarker3/EnemyMarker3/EnemyMarker3/EnemyMarker3/EnemyMarker3" instance=ExtResource("20_mauhs")]
transform = Transform3D(0.991946, 0, 0.126661, 0, 1, 0, -0.126661, 0, 0.991946, 0, 0, 0)

[node name="EnemyMarker3" parent="EnemyDistanceSpawner/Enemies/EnemyMarker3/EnemyMarker3/EnemyMarker3/EnemyMarker3/EnemyMarker3/EnemyMarker3/EnemyMarker3/EnemyMarker3/EnemyMarker3/EnemyMarker3/EnemyMarker3/EnemyMarker3/EnemyMarker3" node_paths=PackedStringArray("path") instance=ExtResource("19_chnfa")]
transform = Transform3D(0.982607, 0, -0.185701, 0, 1, 0, 0.185701, 0, 0.982607, -0.0719852, -0.397358, 3.51622)
path = NodePath("../../../../../../../../../../../../../../../../Path3D")
path_position = 3.3

[node name="EnemyBase" parent="EnemyDistanceSpawner/Enemies/EnemyMarker3/EnemyMarker3/EnemyMarker3/EnemyMarker3/EnemyMarker3/EnemyMarker3/EnemyMarker3/EnemyMarker3/EnemyMarker3/EnemyMarker3/EnemyMarker3/EnemyMarker3/EnemyMarker3/EnemyMarker3" instance=ExtResource("20_mauhs")]
transform = Transform3D(0.991946, 0, 0.126661, 0, 1, 0, -0.126661, 0, 0.991946, 0, 0, 0)

[node name="EnemyMarker3" parent="EnemyDistanceSpawner/Enemies/EnemyMarker3/EnemyMarker3/EnemyMarker3/EnemyMarker3/EnemyMarker3/EnemyMarker3/EnemyMarker3/EnemyMarker3/EnemyMarker3/EnemyMarker3/EnemyMarker3/EnemyMarker3/EnemyMarker3/EnemyMarker3" node_paths=PackedStringArray("path") instance=ExtResource("19_chnfa")]
transform = Transform3D(0.982607, 0, -0.185701, 0, 1, 0, 0.185701, 0, 0.982607, 13.0541, 0.578158, 7.94923)
path = NodePath("../../../../../../../../../../../../../../../../../Path3D")
path_position = 3.3

[node name="EnemyBase" parent="EnemyDistanceSpawner/Enemies/EnemyMarker3/EnemyMarker3/EnemyMarker3/EnemyMarker3/EnemyMarker3/EnemyMarker3/EnemyMarker3/EnemyMarker3/EnemyMarker3/EnemyMarker3/EnemyMarker3/EnemyMarker3/EnemyMarker3/EnemyMarker3/EnemyMarker3" instance=ExtResource("20_mauhs")]
transform = Transform3D(0.991946, 0, 0.126661, 0, 1, 0, -0.126661, 0, 0.991946, 0, 0, 0)

[node name="EnemyMarker3" parent="EnemyDistanceSpawner/Enemies/EnemyMarker3/EnemyMarker3/EnemyMarker3/EnemyMarker3/EnemyMarker3/EnemyMarker3/EnemyMarker3/EnemyMarker3/EnemyMarker3/EnemyMarker3/EnemyMarker3/EnemyMarker3/EnemyMarker3/EnemyMarker3/EnemyMarker3" node_paths=PackedStringArray("path") instance=ExtResource("19_chnfa")]
transform = Transform3D(0.982607, 0, -0.185701, 0, 1, 0, 0.185701, 0, 0.982607, 2.27897, 0.326419, 1.60883)
path = NodePath("../../../../../../../../../../../../../../../../../../Path3D")
path_position = 3.3

[node name="EnemyBase" parent="EnemyDistanceSpawner/Enemies/EnemyMarker3/EnemyMarker3/EnemyMarker3/EnemyMarker3/EnemyMarker3/EnemyMarker3/EnemyMarker3/EnemyMarker3/EnemyMarker3/EnemyMarker3/EnemyMarker3/EnemyMarker3/EnemyMarker3/EnemyMarker3/EnemyMarker3/EnemyMarker3" instance=ExtResource("20_mauhs")]
transform = Transform3D(0.991946, 0, 0.126661, 0, 1, 0, -0.126661, 0, 0.991946, 0, 0, 0)

[node name="EnemyMarker3" parent="EnemyDistanceSpawner/Enemies/EnemyMarker3/EnemyMarker3/EnemyMarker3/EnemyMarker3/EnemyMarker3/EnemyMarker3/EnemyMarker3/EnemyMarker3/EnemyMarker3/EnemyMarker3/EnemyMarker3/EnemyMarker3/EnemyMarker3/EnemyMarker3/EnemyMarker3/EnemyMarker3" node_paths=PackedStringArray("path") instance=ExtResource("19_chnfa")]
transform = Transform3D(0.982607, 0, -0.185701, 0, 1, 0, 0.185701, 0, 0.982607, -0.146343, -0.371377, 1.23475)
path = NodePath("../../../../../../../../../../../../../../../../../../../Path3D")
path_position = 3.3

[node name="EnemyBase" parent="EnemyDistanceSpawner/Enemies/EnemyMarker3/EnemyMarker3/EnemyMarker3/EnemyMarker3/EnemyMarker3/EnemyMarker3/EnemyMarker3/EnemyMarker3/EnemyMarker3/EnemyMarker3/EnemyMarker3/EnemyMarker3/EnemyMarker3/EnemyMarker3/EnemyMarker3/EnemyMarker3/EnemyMarker3" instance=ExtResource("20_mauhs")]
transform = Transform3D(0.991946, 0, 0.126661, 0, 1, 0, -0.126661, 0, 0.991946, 0, 0, 0)

[node name="EnemyMarker3" parent="EnemyDistanceSpawner/Enemies/EnemyMarker3/EnemyMarker3/EnemyMarker3/EnemyMarker3/EnemyMarker3/EnemyMarker3/EnemyMarker3/EnemyMarker3/EnemyMarker3/EnemyMarker3/EnemyMarker3/EnemyMarker3/EnemyMarker3/EnemyMarker3/EnemyMarker3/EnemyMarker3/EnemyMarker3" node_paths=PackedStringArray("path") instance=ExtResource("19_chnfa")]
transform = Transform3D(0.982607, 0, -0.185701, 0, 1, 0, 0.185701, 0, 0.982607, 12.3448, -0.371377, 5.27226)
path = NodePath("../../../../../../../../../../../../../../../../../../../../Path3D")
path_position = 3.3

[node name="EnemyBase" parent="EnemyDistanceSpawner/Enemies/EnemyMarker3/EnemyMarker3/EnemyMarker3/EnemyMarker3/EnemyMarker3/EnemyMarker3/EnemyMarker3/EnemyMarker3/EnemyMarker3/EnemyMarker3/EnemyMarker3/EnemyMarker3/EnemyMarker3/EnemyMarker3/EnemyMarker3/EnemyMarker3/EnemyMarker3/EnemyMarker3" instance=ExtResource("20_mauhs")]
transform = Transform3D(0.991946, 0, 0.126661, 0, 1, 0, -0.126661, 0, 0.991946, 0, 0, 0)

[node name="EnemyMarker3" parent="EnemyDistanceSpawner/Enemies/EnemyMarker3/EnemyMarker3/EnemyMarker3/EnemyMarker3/EnemyMarker3/EnemyMarker3/EnemyMarker3/EnemyMarker3/EnemyMarker3/EnemyMarker3/EnemyMarker3/EnemyMarker3/EnemyMarker3/EnemyMarker3/EnemyMarker3/EnemyMarker3/EnemyMarker3/EnemyMarker3" node_paths=PackedStringArray("path") instance=ExtResource("19_chnfa")]
transform = Transform3D(0.982607, 0, -0.185701, 0, 1, 0, 0.185701, 0, 0.982607, 3.71719, 0.124008, 0.404495)
path = NodePath("../../../../../../../../../../../../../../../../../../../../../Path3D")
path_position = 3.3

[node name="EnemyBase" parent="EnemyDistanceSpawner/Enemies/EnemyMarker3/EnemyMarker3/EnemyMarker3/EnemyMarker3/EnemyMarker3/EnemyMarker3/EnemyMarker3/EnemyMarker3/EnemyMarker3/EnemyMarker3/EnemyMarker3/EnemyMarker3/EnemyMarker3/EnemyMarker3/EnemyMarker3/EnemyMarker3/EnemyMarker3/EnemyMarker3/EnemyMarker3" instance=ExtResource("20_mauhs")]
transform = Transform3D(0.991946, 0, 0.126661, 0, 1, 0, -0.126661, 0, 0.991946, 0, 0, 0)

[node name="EnemyMarker3" parent="EnemyDistanceSpawner/Enemies/EnemyMarker3/EnemyMarker3/EnemyMarker3/EnemyMarker3/EnemyMarker3/EnemyMarker3/EnemyMarker3/EnemyMarker3/EnemyMarker3/EnemyMarker3/EnemyMarker3/EnemyMarker3/EnemyMarker3/EnemyMarker3/EnemyMarker3/EnemyMarker3/EnemyMarker3/EnemyMarker3/EnemyMarker3" node_paths=PackedStringArray("path") instance=ExtResource("19_chnfa")]
transform = Transform3D(0.982607, 0, -0.185701, 0, 1, 0, 0.185701, 0, 0.982607, -14.5514, 0.124008, 8.28663)
path = NodePath("../../../../../../../../../../../../../../../../../../../../../../Path3D")
path_position = 3.3

[node name="EnemyBase" parent="EnemyDistanceSpawner/Enemies/EnemyMarker3/EnemyMarker3/EnemyMarker3/EnemyMarker3/EnemyMarker3/EnemyMarker3/EnemyMarker3/EnemyMarker3/EnemyMarker3/EnemyMarker3/EnemyMarker3/EnemyMarker3/EnemyMarker3/EnemyMarker3/EnemyMarker3/EnemyMarker3/EnemyMarker3/EnemyMarker3/EnemyMarker3/EnemyMarker3" instance=ExtResource("20_mauhs")]
transform = Transform3D(0.991946, 0, 0.126661, 0, 1, 0, -0.126661, 0, 0.991946, 0, 0, 0)

[node name="EnemyMarker3" parent="EnemyDistanceSpawner/Enemies/EnemyMarker3/EnemyMarker3/EnemyMarker3/EnemyMarker3/EnemyMarker3/EnemyMarker3/EnemyMarker3/EnemyMarker3/EnemyMarker3/EnemyMarker3/EnemyMarker3/EnemyMarker3/EnemyMarker3/EnemyMarker3/EnemyMarker3/EnemyMarker3/EnemyMarker3/EnemyMarker3/EnemyMarker3/EnemyMarker3" node_paths=PackedStringArray("path") instance=ExtResource("19_chnfa")]
transform = Transform3D(0.982607, 0, -0.185701, 0, 1, 0, 0.185701, 0, 0.982607, 2.65509, 0.124008, 0.220381)
path = NodePath("../../../../../../../../../../../../../../../../../../../../../../../Path3D")
path_position = 3.3

[node name="EnemyBase" parent="EnemyDistanceSpawner/Enemies/EnemyMarker3/EnemyMarker3/EnemyMarker3/EnemyMarker3/EnemyMarker3/EnemyMarker3/EnemyMarker3/EnemyMarker3/EnemyMarker3/EnemyMarker3/EnemyMarker3/EnemyMarker3/EnemyMarker3/EnemyMarker3/EnemyMarker3/EnemyMarker3/EnemyMarker3/EnemyMarker3/EnemyMarker3/EnemyMarker3/EnemyMarker3" instance=ExtResource("20_mauhs")]
transform = Transform3D(0.991946, 0, 0.126661, 0, 1, 0, -0.126661, 0, 0.991946, 0, 0, 0)

[node name="EnemyMarker3" parent="EnemyDistanceSpawner/Enemies/EnemyMarker3/EnemyMarker3/EnemyMarker3/EnemyMarker3/EnemyMarker3/EnemyMarker3/EnemyMarker3/EnemyMarker3/EnemyMarker3/EnemyMarker3/EnemyMarker3/EnemyMarker3/EnemyMarker3/EnemyMarker3/EnemyMarker3/EnemyMarker3/EnemyMarker3/EnemyMarker3/EnemyMarker3/EnemyMarker3/EnemyMarker3" node_paths=PackedStringArray("path") instance=ExtResource("19_chnfa")]
transform = Transform3D(0.982606, 0, -0.185701, 0, 1, 0, 0.185701, 0, 0.982606, 0.202934, 0.124008, -2.25394)
path = NodePath("../../../../../../../../../../../../../../../../../../../../../../../../Path3D")
path_position = 3.3

[node name="EnemyBase" parent="EnemyDistanceSpawner/Enemies/EnemyMarker3/EnemyMarker3/EnemyMarker3/EnemyMarker3/EnemyMarker3/EnemyMarker3/EnemyMarker3/EnemyMarker3/EnemyMarker3/EnemyMarker3/EnemyMarker3/EnemyMarker3/EnemyMarker3/EnemyMarker3/EnemyMarker3/EnemyMarker3/EnemyMarker3/EnemyMarker3/EnemyMarker3/EnemyMarker3/EnemyMarker3/EnemyMarker3" instance=ExtResource("20_mauhs")]
transform = Transform3D(0.991946, 0, 0.126661, 0, 1, 0, -0.126661, 0, 0.991946, 0, 0, 0)

